 ---------------------------------------------------------------
 Surface and Strip Forces by surface

  Forces referred to Sref, Cref, Bref about Xref, Yref, Zref
 Standard axis orientation,  X fwd, Z down         

  Surface # 1     MainWing                                
     # Chordwise =  8   # Spanwise = 14     First strip =  1
     Surface area =    5.029160       Ave. chord =    0.612689
     CLsurf  =   0.39570     Clsurf  =  -0.08102
     CYsurf  =  -0.03374     Cmsurf  =  -0.34065
     CDsurf  =   0.00375     Cnsurf  =  -0.00250
     CDisurf =   0.00375     CDvsurf =   0.00000

  Forces referred to Ssurf, Cave about hinge axis thru LE
     CLsurf  =   0.79125     CDsurf  =   0.00746
     Deflect =

 Strip Forces referred to Strip Area, Chord
    j      Yle    Chord     Area     c cl      ai      cl_norm  cl       cd       cdv    cm_c/4    cm_LE  C.P.x/c
     1   0.2920   0.8999   0.5276   0.7051   0.0318   0.7881   0.7839   0.0152   0.0000  -0.1204  -0.3153    0.404
     2   0.8761   0.8557   0.5017   0.6855   0.0277   0.8058   0.8016   0.0121   0.0000  -0.1199  -0.3191    0.400
     3   1.4602   0.8115   0.4758   0.6586   0.0240   0.8165   0.8122   0.0101   0.0000  -0.1199  -0.3217    0.398
     4   2.0443   0.7673   0.4499   0.6271   0.0209   0.8223   0.8180   0.0085   0.0000  -0.1199  -0.3232    0.397
     5   2.6284   0.7231   0.4240   0.5927   0.0183   0.8247   0.8203   0.0073   0.0000  -0.1200  -0.3238    0.397
     6   3.2124   0.6790   0.3981   0.5561   0.0161   0.8241   0.8198   0.0062   0.0000  -0.1200  -0.3237    0.397
     7   3.7965   0.6348   0.3722   0.5179   0.0142   0.8210   0.8167   0.0053   0.0000  -0.1200  -0.3230    0.398
     8   4.3806   0.5906   0.3463   0.4785   0.0125   0.8153   0.8110   0.0045   0.0000  -0.1200  -0.3215    0.399
     9   4.9647   0.5464   0.3204   0.4380   0.0111   0.8067   0.8024   0.0038   0.0000  -0.1200  -0.3194    0.400
    10   5.5487   0.5022   0.2945   0.3964   0.0100   0.7944   0.7902   0.0032   0.0000  -0.1199  -0.3163    0.402
    11   6.1328   0.4581   0.2686   0.3538   0.0094   0.7773   0.7732   0.0028   0.0000  -0.1199  -0.3119    0.406
    12   6.7169   0.4139   0.2427   0.3094   0.0098   0.7525   0.7485   0.0028   0.0000  -0.1197  -0.3056    0.410
    13   7.3010   0.3697   0.2168   0.2615   0.0130   0.7119   0.7081   0.0037   0.0000  -0.1191  -0.2950    0.419
    14   7.8851   0.3255   0.1909   0.2007   0.0282   0.6204   0.6171   0.0072   0.0000  -0.1163  -0.2696    0.439

  Surface # 2     MainWing (YDUP)                         
     # Chordwise =  8   # Spanwise = 14     First strip = 15
     Surface area =    5.029160       Ave. chord =    0.612689
     CLsurf  =   0.39570     Clsurf  =   0.08102
     CYsurf  =   0.03374     Cmsurf  =  -0.34065
     CDsurf  =   0.00375     Cnsurf  =   0.00250
     CDisurf =   0.00375     CDvsurf =   0.00000

  Forces referred to Ssurf, Cave about hinge axis thru LE
     CLsurf  =   0.79125     CDsurf  =   0.00746
     Deflect =

 Strip Forces referred to Strip Area, Chord
    j      Yle    Chord     Area     c cl      ai      cl_norm  cl       cd       cdv    cm_c/4    cm_LE  C.P.x/c
    15  -0.2920   0.8999   0.5276   0.7051   0.0318   0.7881   0.7839   0.0152   0.0000  -0.1204   0.3153    0.404
    16  -0.8761   0.8557   0.5017   0.6855   0.0277   0.8058   0.8016   0.0121   0.0000  -0.1199   0.3191    0.400
    17  -1.4602   0.8115   0.4758   0.6586   0.0240   0.8165   0.8122   0.0101   0.0000  -0.1199   0.3217    0.398
    18  -2.0443   0.7673   0.4499   0.6271   0.0209   0.8223   0.8180   0.0085   0.0000  -0.1199   0.3232    0.397
    19  -2.6284   0.7231   0.4240   0.5927   0.0183   0.8247   0.8203   0.0073   0.0000  -0.1200   0.3238    0.397
    20  -3.2124   0.6790   0.3981   0.5561   0.0161   0.8241   0.8198   0.0062   0.0000  -0.1200   0.3237    0.397
    21  -3.7965   0.6348   0.3722   0.5179   0.0142   0.8210   0.8167   0.0053   0.0000  -0.1200   0.3230    0.398
    22  -4.3806   0.5906   0.3463   0.4785   0.0125   0.8153   0.8110   0.0045   0.0000  -0.1200   0.3215    0.399
    23  -4.9647   0.5464   0.3204   0.4380   0.0111   0.8067   0.8024   0.0038   0.0000  -0.1200   0.3194    0.400
    24  -5.5487   0.5022   0.2945   0.3964   0.0100   0.7944   0.7902   0.0032   0.0000  -0.1199   0.3163    0.402
    25  -6.1328   0.4581   0.2686   0.3538   0.0094   0.7773   0.7732   0.0028   0.0000  -0.1199   0.3119    0.406
    26  -6.7169   0.4139   0.2427   0.3094   0.0098   0.7525   0.7485   0.0028   0.0000  -0.1197   0.3056    0.410
    27  -7.3010   0.3697   0.2168   0.2615   0.0130   0.7119   0.7081   0.0037   0.0000  -0.1191   0.2950    0.419
    28  -7.8851   0.3255   0.1909   0.2007   0.0282   0.6204   0.6171   0.0072   0.0000  -0.1163   0.2696    0.439
 ---------------------------------------------------------------
